              precision    recall  f1-score   support

         ACC     1.0000    0.9444    0.9714        18
        BLCA     0.9620    1.0000    0.9806        76
        BRCA     1.0000    1.0000    1.0000       207
        CESC     0.9500    0.9828    0.9661        58
        CHOL     0.8750    0.7778    0.8235         9
        COAD     0.9310    0.9643    0.9474        84
        DLBC     1.0000    1.0000    1.0000         9
        ESCA     0.9630    0.8966    0.9286        29
         GBM     0.9518    0.9875    0.9693        80
        HNSC     1.0000    1.0000    1.0000       104
        KICH     0.8261    0.8636    0.8444        22
        KIRC     0.9444    0.9714    0.9577       105
        KIRP     1.0000    0.9107    0.9533        56
         LGG     0.9890    0.9574    0.9730        94
        LIHC     0.9710    0.9853    0.9781        68
        LUAD     0.7396    0.7245    0.7320        98
        LUSC     0.7188    0.7340    0.7263        94
        MESO     1.0000    1.0000    1.0000        16
          OV     0.9467    0.9595    0.9530        74
        PAAD     0.9459    1.0000    0.9722        35
        PCPG     0.9444    0.9714    0.9577        35
        PRAD     1.0000    0.9888    0.9944        89
        READ     0.9630    0.8125    0.8814        32
        SARC     0.9375    0.9000    0.9184        50
        SKCM     1.0000    0.9500    0.9744        20
        STAD     0.9718    0.9583    0.9650        72
        TGCT     1.0000    1.0000    1.0000        17
        THCA     1.0000    1.0000    1.0000        98
        THYM     1.0000    1.0000    1.0000        23
        UCEC     0.9386    0.9817    0.9596       109
         UCS     1.0000    0.7273    0.8421        11
         UVM     1.0000    1.0000    1.0000        13

    accuracy                         0.9454      1905
   macro avg     0.9522    0.9359    0.9428      1905
weighted avg     0.9459    0.9454    0.9452      1905
